Run semi-empirical minimization
 &qmmm
    qm_theory='AM1', grms_tol=0.0005,
 scfconv=1.d-10, ndiis_attempts=700,   qmcharge=0,
 /
   6    C1       15.0000       15.8800       16.4900 
   6    C2       13.6600       15.2800       16.0500 
   6    C3       15.9800       15.6000       15.3500 
   6    C4       13.8900       14.7000       14.6600 
   6    C5       15.3800       14.3900       14.6400 
   6    C6       15.9300       14.2000       13.2300 
   1    H1       14.9200       16.9500       16.7000 
   1    H2       15.3400       15.3900       17.4100 
   1    H3       13.3600       14.5000       16.7500 
   1    H4       12.8600       16.0400       16.0400 
   1    H5       16.0200       16.4700       14.6800 
   1    H6       16.9900       15.4200       15.7200 
   1    H7       13.2800       13.8100       14.4900 
   1    H8       13.6300       15.4400       13.9000 
   1    H9       15.5900       13.4900       15.2200 
   1   H10       15.2800       13.5400       12.6600 
   1   H11       16.0000       15.1500       12.7100 
   1   H12       16.9300       13.7500       13.2700 

